106,5
106,4
106,3
106,2
106,1
106,0
105,3
105,2
105,1
105,0
104,2
104,1
104,0
103,5
103,4
103,3
103,2
103,1
103,0
100,4
100,3
100,2
100,1
100,0
98,3
98,2
98,1
98,0
97,2
97,1
97,0
96,3
96,2
96,1
96,0
95,4
95,3
95,2
95,1
95,0
94,3
94,2
94,1
94,0
92,3
92,2
92,1
92,0
91,4
91,3
91,2
91,1
91,0
90,3
90,2
90,1
90,0
89,4
89,3
89,2
89,1
89,0
88,3
88,2
88,1
88,0
87,3
87,2
87,1
87,0
86,5
86,4
86,3
86,2
86,1
86,0
85,3
85,2
85,1
85,0
84,4
84,3
84,2
84,1
84,0
83,3
83,2
83,1
83,0
7,3
6,6
6,5
6,4
6,3
6,2
5,2
4,2
0,9
1,45
3,44
2,44
1,44
3,43
2,43
1,43
3,42
2,42
1,42
3,41
2,41
1,41
3,40
2,40
1,40
3,39
2,39
1,39
3,38
2,38
1,38
3,37
2,37
1,37
3,36
2,36
1,36
3,35
2,35
1,35
3,34
2,34
1,34
3,33
2,33
1,33
3,32
2,32
1,32
3,31
2,31
1,31
3,30
2,30
1,30
3,29
2,29
1,29
3,28
2,28
1,28
3,27
2,27
1,27
3,26
2,26
1,26
3,25
2,25
1,25
3,24
2,24
1,24
3,23
2,23
1,23
3,22
2,22
1,22
3,21
2,21
1,21
3,20
2,20
1,20
3,19
2,19
1,19
3,18
2,18
1,18
3,17
2,17
1,17
3,16
2,16
1,16
3,15
2,15
1,15
3,14
2,14
1,14
3,13
2,13
1,13
3,9
1,8
2,7
1,7
3,6
2,6
1,6
2,5
1,5
3,3
2,3
1,3
0,6
0,0
0,47
0,46
0,49
0,48
0,45
0,12
0,10
0,8
0,11
104,3
97,5
97,4
97,3
5,3
4,3
3,12
3,11
3,10
3,8
3,7
3,5
3,4
3,2
3,0
2,12
2,11
2,10
2,9
2,8
2,4
2,2
2,0
1,12
1,11
1,10
1,9
1,4
1,2
1,0
0,5
0,7
0,4
0,3
